                      DUR     Dist         Q         OMAX         CMAX          CY         CMAX/Q       CY/Q             Sy         PHIC
     Exp  YYMMDDHHMM (min)     (m)       (g/s)  (10^-6 g/m^3)(10^-6 g/m^3)(10^-6 s/m^2)(10^-6 s/m^3)(10^-6 s/m^2)       (m)      (degrees)
       1  5607031100  10     50.00        81.50   1.4000E-01   1.4381E-01   7.2221E+00   1.7645E-03   8.8615E-02        20.035     -34.537
       1  5607031100  10    100.00        81.50   2.5600E-02   2.3845E-02   2.2538E+00   2.9258E-04   2.7654E-02        37.707     -32.982
       1  5607031100  10    200.00        81.50   4.3800E-03   3.3164E-03   5.6470E-01   4.0692E-05   6.9288E-03        67.931     -30.615
       1  5607031100  10    400.00        81.50   1.1200E-03   6.5927E-04   1.7335E-01   8.0892E-06   2.1269E-03       104.896     -30.424
       1  5607031100  10    800.00        81.50   2.6000E-04   1.9113E-04   6.4577E-02   2.3451E-06   7.9236E-04       134.793     -41.051
       2  5607031500  10     50.00        83.90   1.9200E-01   1.8480E-01   7.5185E+00   2.2026E-03   8.9613E-02        16.231     -46.089
       2  5607031500  10    100.00        83.90   4.7900E-02   4.0461E-02   2.7467E+00   4.8225E-04   3.2738E-02        27.083     -42.123
       2  5607031500  10    200.00        83.90   9.8700E-03   5.4886E-03   7.1309E-01   6.5418E-05   8.4993E-03        51.831     -43.825
       2  5607031500  10    400.00        83.90   1.1400E-03   5.6712E-04   1.3655E-01   6.7594E-06   1.6276E-03        96.060     -41.511
       2  5607031500  10    800.00        83.90   3.1500E-04   1.6732E-04   9.0199E-02   1.9942E-06   1.0751E-03       215.067     -55.631
       3  5607052200  10     50.00        56.30   4.4600E-02   3.7967E-02   2.0521E+00   6.7437E-04   3.6449E-02        21.562      43.268
       3  5607052200  10    100.00        56.30   2.4600E-01   9.2418E-02   8.9415E+00   1.6415E-03   1.5882E-01        38.598      67.179
       3  5607052200  10    200.00        56.30   8.0000E-02   6.1468E-02   9.9670E+00   1.0918E-03   1.7703E-01        64.688      64.321
       3  5607052200  10    400.00        56.30   1.8400E-02   1.7435E-02   3.6388E+00   3.0969E-04   6.4632E-02        83.261      61.154
       3  5607052200  10    800.00        56.30   6.4500E-04   2.7770E-04   2.4124E-01   4.9325E-06   4.2849E-03       346.562      16.583
       4  5607060100  10     50.00        50.50   2.6800E-01   1.8939E-01   7.2830E+00   3.7503E-03   1.4422E-01        15.341      26.722
       4  5607060100  10    100.00        50.50   2.2100E-01   1.9704E-01   1.3262E+01   3.9017E-03   2.6262E-01        26.852      32.507
       4  5607060100  10    200.00        50.50   1.5200E-01   7.5838E-02   1.1822E+01   1.5018E-03   2.3409E-01        62.187      31.810
       4  5607060100  10    400.00        50.50   6.6700E-02   2.4202E-02   1.1390E+01   4.7925E-04   2.2555E-01       187.752      14.339
       4  5607060100  10    800.00        50.50   1.1400E-02   4.2762E-03   1.9077E+00   8.4678E-05   3.7777E-02       177.980      37.701
       5  5607061400  10     50.00        77.80   2.0300E-01   1.6808E-01   3.6414E+00   2.1604E-03   4.6805E-02         8.643      -3.902
       5  5607061400  10    100.00        77.80   5.5700E-02   4.5536E-02   1.7881E+00   5.8529E-04   2.2983E-02        15.666      -4.773
       5  5607061400  10    200.00        77.80   1.4800E-02   1.2652E-02   9.0026E-01   1.6263E-04   1.1571E-02        28.386      -4.621
       5  5607061400  10    400.00        77.80   2.8200E-03   2.3725E-03   3.2240E-01   3.0495E-05   4.1439E-03        54.212      -4.752
       5  5607061400  10    800.00        77.80   4.8000E-04   4.4024E-04   1.0046E-01   5.6586E-06   1.2913E-03        91.037      -3.244
       6  5607061700  10     50.00        89.50   2.6300E-01   2.7266E-01   4.1560E+00   3.0465E-03   4.6435E-02         6.081      -2.810
       6  5607061700  10    100.00        89.50   8.0600E-02   8.1157E-02   2.3696E+00   9.0679E-04   2.6476E-02        11.648      -2.564
       6  5607061700  10    200.00        89.50   2.4200E-02   2.0590E-02   1.1278E+00   2.3005E-04   1.2601E-02        21.852      -2.124
       6  5607061700  10    400.00        89.50   4.2400E-03   4.5366E-03   4.4391E-01   5.0689E-05   4.9599E-03        39.036      -1.586
       6  5607061700  10    800.00        89.50   1.1200E-03   1.0581E-03   1.9408E-01   1.1822E-05   2.1685E-03        73.175      -0.548
       7  5607101400  10     50.00        89.90   9.7800E-02   7.5123E-02   4.8995E+00   8.3563E-04   5.4500E-02        26.019       5.198
       7  5607101400  10    100.00        89.90   2.3300E-02   9.4491E-03   1.1729E+00   1.0511E-04   1.3047E-02        49.521      -5.474
       7  5607101400  10    200.00        89.90   5.1400E-03   3.3962E-03   7.1640E-01   3.7778E-05   7.9689E-03        84.154       6.927
       7  5607101400  10    400.00        89.90   7.6000E-04   5.2247E-04   1.4057E-01   5.8116E-06   1.5636E-03       107.335       9.079
       7  5607101400  10    800.00        89.90   8.0000E-05   5.4035E-05   2.3318E-02   6.0106E-07   2.5937E-04       172.154      13.003
       8  5607101700  10     50.00        91.10   4.2200E-01   3.2576E-01   5.4221E+00   3.5758E-03   5.9518E-02         6.640       6.247
       8  5607101700  10    100.00        91.10   1.1500E-01   9.5413E-02   2.8153E+00   1.0473E-03   3.0904E-02        11.772       6.054
       8  5607101700  10    200.00        91.10   2.6400E-02   2.3996E-02   1.2693E+00   2.6340E-04   1.3933E-02        21.103       6.614
       8  5607101700  10    400.00        91.10   4.2500E-03   4.2020E-03   4.3658E-01   4.6125E-05   4.7923E-03        41.449       6.959
       8  5607101700  10    800.00        91.10   7.2500E-04   7.2800E-04   1.5697E-01   7.9913E-06   1.7231E-03        86.021       7.920
       9  5607111000  10     50.00        92.00   2.0000E-01   1.7531E-01   3.9661E+00   1.9055E-03   4.3110E-02         9.025      21.549
       9  5607111000  10    100.00        92.00   5.6100E-02   5.0920E-02   2.2048E+00   5.5348E-04   2.3965E-02        17.274      21.548
       9  5607111000  10    200.00        92.00   1.4200E-02   1.3254E-02   1.0807E+00   1.4406E-04   1.1747E-02        32.530      22.401
       9  5607111000  10    400.00        92.00   2.9000E-03   2.7445E-03   4.3655E-01   2.9831E-05   4.7451E-03        63.457      23.703
       9  5607111000  10    800.00        92.00   5.2000E-04   4.9829E-04   1.4633E-01   5.4162E-06   1.5905E-03       117.154      24.112
      10  5607111200  10     50.00        92.10   1.7900E-01   1.5374E-01   4.7506E+00   1.6693E-03   5.1581E-02        12.327      45.582
      10  5607111200  10    100.00        92.10   4.3100E-02   3.8252E-02   1.9377E+00   4.1533E-04   2.1039E-02        20.209      46.924
      10  5607111200  10    200.00        92.10   1.1400E-02   8.8193E-03   7.7316E-01   9.5758E-05   8.3948E-03        34.974      46.390
      10  5607111200  10    400.00        92.10   2.7000E-03   1.4002E-03   2.1534E-01   1.5203E-05   2.3381E-03        61.353      44.804
      10  5607111200  10    800.00        92.10   9.0000E-04   1.9789E-04   4.5497E-02   2.1486E-06   4.9400E-04        91.722      41.216
      11  5607140800  10     50.00        95.90   2.7300E-01   2.9016E-01   3.7126E+00   3.0256E-03   3.8713E-02         5.105       4.254
      11  5607140800  10    100.00        95.90   8.9300E-02   9.7379E-02   2.1435E+00   1.0154E-03   2.2351E-02         8.781       4.070
      11  5607140800  10    200.00        95.90   2.9500E-02   3.1332E-02   1.1963E+00   3.2671E-04   1.2474E-02        15.232       3.883
      11  5607140800  10    400.00        95.90   7.6100E-03   7.4041E-03   5.1459E-01   7.7206E-05   5.3659E-03        27.727       4.010
      11  5607140800  10    800.00        95.90   1.7200E-03   1.6132E-03   1.9014E-01   1.6822E-05   1.9827E-03        47.022       4.327
      12  5607141000  10     50.00        99.10   2.1800E-01   1.9478E-01   3.5402E+00   1.9655E-03   3.5723E-02         7.251      14.126
      12  5607141000  10    100.00        99.10   6.1500E-02   6.2702E-02   2.0450E+00   6.3272E-04   2.0636E-02        13.011      13.606
      12  5607141000  10    200.00        99.10   2.0600E-02   2.0725E-02   1.1632E+00   2.0913E-04   1.1737E-02        22.391      13.692
      12  5607141000  10    400.00        99.10   5.4600E-03   5.3060E-03   5.0663E-01   5.3542E-05   5.1123E-03        38.092      13.350
      12  5607141000  10    800.00        99.10   1.5800E-03   1.4236E-03   2.2382E-01   1.4365E-05   2.2585E-03        62.724      12.866
      13  5607222000  10     50.00        61.10   1.7400E-01   1.6118E-01   2.3711E+00   2.6379E-03   3.8807E-02         5.869       9.458
      13  5607222000  10    100.00        61.10   4.1900E-01   2.8373E-01   7.8602E+00   4.6438E-03   1.2865E-01        11.052       6.608
      13  5607222000  10    200.00        61.10   4.9000E-01   2.6655E-01   1.4291E+01   4.3625E-03   2.3389E-01        21.389      10.123
      13  5607222000  10    400.00        61.10   1.3100E-01   1.1279E-01   1.1060E+01   1.8460E-03   1.8101E-01        39.119      15.316
      13  5607222000  10    800.00        61.10   1.0400E-01   6.6826E-02   8.4994E+00   1.0937E-03   1.3911E-01        50.740      17.537
      14  5607222200  10     50.00        49.10   7.0200E-01   6.4257E-01   7.5793E+00   1.3087E-02   1.5436E-01         4.706     -11.338
      14  5607222200  10    100.00        49.10   8.2200E-01   6.2689E-01   1.0796E+01   1.2768E-02   2.1988E-01         6.870     -12.011
      14  5607222200  10    200.00        49.10   4.0200E-01   2.6054E-01   7.6982E+00   5.3063E-03   1.5679E-01        11.788     -11.012
      14  5607222200  10    400.00        49.10   1.4600E-01   7.5853E-02   4.8390E+00   1.5449E-03   9.8553E-02        25.450      -8.237
      14  5607222200  10    800.00        49.10   2.1600E-02   6.4011E-03   1.4665E+00   1.3037E-04   2.9868E-02        91.400      -1.541
      15  5607230800  10     50.00        95.50   4.1400E-01   3.4975E-01   7.5121E+00   3.6624E-03   7.8661E-02         8.569      21.055
      15  5607230800  10    100.00        95.50   1.0700E-01   9.0237E-02   3.5247E+00   9.4489E-04   3.6908E-02        15.583      22.813
      15  5607230800  10    200.00        95.50   2.1700E-02   2.1560E-02   1.4179E+00   2.2576E-04   1.4848E-02        26.237      25.514
      15  5607230800  10    400.00        95.50   4.7800E-03   3.4381E-03   3.9224E-01   3.6001E-05   4.1073E-03        45.514      25.854
      15  5607230800  10    800.00        95.50   5.3500E-04   5.1750E-04   1.1770E-01   5.4188E-06   1.2325E-03        90.740      24.886
      16  5607231000  10     50.00        93.00   1.8200E-01   1.5326E-01   5.2580E+00   1.6479E-03   5.6538E-02        13.687       7.546
      16  5607231000  10    100.00        93.00   3.4400E-02   2.7771E-02   1.8330E+00   2.9862E-04   1.9710E-02        26.332       9.838
      16  5607231000  10    200.00        93.00   6.3900E-03   4.1606E-03   5.1211E-01   4.4738E-05   5.5066E-03        49.105      13.684
      16  5607231000  10    400.00        93.00   9.5500E-04   5.8924E-04   1.0849E-01   6.3359E-06   1.1666E-03        73.453      20.769
      16  5607231000  10    800.00        93.00   8.0000E-05   6.0727E-05   1.7628E-02   6.5298E-07   1.8955E-04       115.805      16.226
      17  5607232000  10     50.00        56.50   6.4500E-01   6.6712E-01   6.2209E+00   1.1808E-02   1.1010E-01         3.720      -2.659
      17  5607232000  10    100.00        56.50   2.6900E-01   2.7057E-01   3.8306E+00   4.7888E-03   6.7799E-02         5.648      -2.844
      17  5607232000  10    200.00        56.50   8.6200E-02   9.1440E-02   2.0575E+00   1.6184E-03   3.6416E-02         8.977      -2.956
      17  5607232000  10    400.00        56.50   2.6900E-02   2.9802E-02   1.0762E+00   5.2747E-04   1.9048E-02        14.406      -3.264
      17  5607232000  10    800.00        56.50   9.7400E-03   1.0260E-02   6.2085E-01   1.8159E-04   1.0988E-02        24.141      -3.787
      18  5607232200  10     50.00        57.60   6.2000E-01   6.5878E-01   6.3452E+00   1.1437E-02   1.1016E-01         3.842       2.689
      18  5607232200  10    100.00        57.60   2.5700E-01   2.5957E-01   4.3355E+00   4.5065E-03   7.5269E-02         6.663       2.296
      18  5607232200  10    200.00        57.60   9.5000E-02   9.0986E-02   2.6917E+00   1.5796E-03   4.6731E-02        11.802       2.193
      18  5607232200  10    400.00        57.60   3.2300E-02   3.1979E-02   1.6448E+00   5.5520E-04   2.8556E-02        20.519       2.383
      18  5607232200  10    800.00        57.60   1.4000E-02   1.3614E-02   1.0982E+00   2.3635E-04   1.9066E-02        32.182       3.527
      19  5607251100  10     50.00       101.80   2.1800E-01   2.2278E-01   4.8782E+00   2.1884E-03   4.7919E-02         8.736     -15.361
      19  5607251100  10    100.00       101.80   5.4800E-02   5.8880E-02   2.4016E+00   5.7839E-04   2.3592E-02        16.272     -14.989
      19  5607251100  10    200.00       101.80   1.3400E-02   1.1836E-02   9.4096E-01   1.1626E-04   9.2432E-03        31.717     -14.443
      19  5607251100  10    400.00       101.80   2.3000E-03   2.0909E-03   2.9140E-01   2.0540E-05   2.8625E-03        55.598     -14.861
      19  5607251100  10    800.00       101.80   3.7000E-04   2.9401E-04   6.3739E-02   2.8881E-06   6.2612E-04        86.489     -14.129
      20  5607251300  10     50.00       101.20   1.7100E-01   1.8893E-01   3.7482E+00   1.8669E-03   3.7038E-02         7.915      -6.986
      20  5607251300  10    100.00       101.20   5.2200E-02   5.3891E-02   1.9402E+00   5.3252E-04   1.9172E-02        14.363      -7.695
      20  5607251300  10    200.00       101.20   1.5900E-02   1.4104E-02   9.5752E-01   1.3937E-04   9.4617E-03        27.084      -8.108
      20  5607251300  10    400.00       101.20   3.4200E-03   3.1301E-03   3.8610E-01   3.0930E-05   3.8152E-03        49.210      -8.808
      20  5607251300  10    800.00       101.20   7.9500E-04   6.2479E-04   1.4315E-01   6.1738E-06   1.4145E-03        91.406     -10.397
      21  5607252200  10     50.00        50.90   3.1000E-01   3.0150E-01   3.1827E+00   5.9233E-03   6.2528E-02         4.211      -4.342
      21  5607252200  10    100.00        50.90   9.6600E-02   1.0296E-01   1.8709E+00   2.0228E-03   3.6756E-02         7.249      -4.406
      21  5607252200  10    200.00        50.90   2.9600E-02   3.1981E-02   1.0119E+00   6.2831E-04   1.9880E-02        12.623      -4.592
      21  5607252200  10    400.00        50.90   9.0300E-03   9.7164E-03   5.2513E-01   1.9089E-04   1.0317E-02        21.561      -4.956
      21  5607252200  10    800.00        50.90   3.2600E-03   2.9798E-03   2.8452E-01   5.8542E-05   5.5898E-03        38.093      -5.128
      22  5607260000  10     50.00        48.40   2.2400E-01   2.2469E-01   2.3076E+00   4.6423E-03   4.7678E-02         4.097      -8.517
      22  5607260000  10    100.00        48.40   8.1800E-02   8.0626E-02   1.3395E+00   1.6658E-03   2.7676E-02         6.628      -8.703
      22  5607260000  10    200.00        48.40   2.7700E-02   2.6495E-02   7.2208E-01   5.4742E-04   1.4919E-02        10.872      -8.555
      22  5607260000  10    400.00        48.40   8.6400E-03   8.3878E-03   3.5496E-01   1.7330E-04   7.3340E-03        16.883      -8.158
      22  5607260000  10    800.00        48.40   2.5100E-03   2.4977E-03   1.5823E-01   5.1606E-05   3.2692E-03        25.273      -7.370
      23  5607292100  10     50.00        40.90   1.7600E-01   1.7300E-01   2.0364E+00   4.2298E-03   4.9790E-02         4.696     -53.898
      23  5607292100  10    100.00        40.90   6.1700E-02   6.0342E-02   1.2587E+00   1.4754E-03   3.0775E-02         8.322     -53.950
      23  5607292100  10    200.00        40.90   1.9500E-02   1.9504E-02   7.0897E-01   4.7686E-04   1.7334E-02        14.502     -53.761
      23  5607292100  10    400.00        40.90   6.3600E-03   5.3987E-03   3.2034E-01   1.3200E-04   7.8322E-03        23.672     -53.204
      23  5607292100  10    800.00        40.90   2.0900E-03   1.9213E-03   1.6972E-01   4.6976E-05   4.1495E-03        35.239     -53.309
      24  5607292300  10     50.00        41.20   1.5800E-01   1.6161E-01   2.0424E+00   3.9226E-03   4.9572E-02         5.042     -38.792
      24  5607292300  10    100.00        41.20   5.0700E-02   5.6692E-02   1.1843E+00   1.3760E-03   2.8746E-02         8.334     -38.832
      24  5607292300  10    200.00        41.20   1.7000E-02   1.8946E-02   6.6174E-01   4.5985E-04   1.6062E-02        13.934     -39.047
      24  5607292300  10    400.00        41.20   5.5800E-03   6.4274E-03   3.5964E-01   1.5601E-04   8.7292E-03        22.323     -39.361
      24  5607292300  10    800.00        41.20   1.9200E-03   1.9610E-03   1.6780E-01   4.7597E-05   4.0727E-03        34.136     -39.389
      25  5608011300  10     50.00       101.40   3.0500E-01   2.0568E-01   8.3744E+00   2.0284E-03   8.2588E-02        16.243       0.736
      25  5608011300  10    100.00       101.40   4.1000E-02   3.1318E-02   2.8194E+00   3.0886E-04   2.7804E-02        35.914       5.172
      25  5608011300  10    200.00       101.40   8.1400E-03   4.3926E-03   7.9184E-01   4.3319E-05   7.8091E-03        71.916      10.509
      25  5608011300  10    400.00       101.40   1.4600E-03   9.1084E-04   3.1412E-01   8.9827E-06   3.0979E-03       137.584       6.852
      25  5608011300  10    800.00       101.40   2.3500E-04   1.2634E-04   6.7684E-02   1.2459E-06   6.6749E-04       213.726       0.007
      26  5608021200  10     50.00        97.60   1.5800E-01   1.5702E-01   4.0765E+00   1.6088E-03   4.1767E-02        10.357       4.703
      26  5608021200  10    100.00        97.60   4.8500E-02   4.5898E-02   2.3219E+00   4.7027E-04   2.3790E-02        20.182       5.455
      26  5608021200  10    200.00        97.60   1.2900E-02   1.1823E-02   1.1162E+00   1.2114E-04   1.1437E-02        37.665       7.331
      26  5608021200  10    400.00        97.60   2.7500E-03   2.4779E-03   4.2338E-01   2.5388E-05   4.3379E-03        68.166       7.689
      26  5608021200  10    800.00        97.60   5.4000E-04   4.6477E-04   1.3635E-01   4.7620E-06   1.3970E-03       117.034       8.646
      27  5608021400  10     50.00        98.80   2.2100E-01   2.1490E-01   4.5711E+00   2.1751E-03   4.6266E-02         8.486       1.094
      27  5608021400  10    100.00        98.80   7.3100E-02   6.2012E-02   2.4748E+00   6.2765E-04   2.5049E-02        15.921       0.126
      27  5608021400  10    200.00        98.80   1.9700E-02   1.7322E-02   1.2610E+00   1.7532E-04   1.2764E-02        29.043      -1.348
      27  5608021400  10    400.00        98.80   4.7300E-03   4.0499E-03   4.9442E-01   4.0991E-05   5.0042E-03        48.704      -3.217
      27  5608021400  10    800.00        98.80   9.8000E-04   8.2614E-04   1.9125E-01   8.3617E-06   1.9358E-03        92.356      -3.947
      28  5608030000  10     50.00        41.70   4.8800E-01   4.7517E-01   5.7036E+00   1.1395E-02   1.3678E-01         4.789      -7.362
      28  5608030000  10    100.00        41.70   1.9200E-01   1.9183E-01   3.8837E+00   4.6002E-03   9.3135E-02         8.077      -7.724
      28  5608030000  10    200.00        41.70   5.9500E-02   6.1278E-02   2.2077E+00   1.4695E-03   5.2942E-02        14.373      -7.413
      28  5608030000  10    400.00        41.70   2.1100E-02   2.3605E-02   1.2613E+00   5.6607E-04   3.0248E-02        21.318      -7.613
      28  5608030000  10    800.00        41.70   1.0100E-02   9.7720E-03   6.1020E-01   2.3434E-04   1.4633E-02        24.912      -8.067
      29  5608030200  10     50.00        41.50   2.4800E-01   2.3251E-01   4.2667E+00   5.6026E-03   1.0281E-01         7.321      34.651
      29  5608030200  10    100.00        41.50   8.7800E-02   7.7065E-02   2.7512E+00   1.8570E-03   6.6293E-02        14.242      35.325
      29  5608030200  10    200.00        41.50   2.7600E-02   2.3014E-02   1.6132E+00   5.5456E-04   3.8873E-02        27.965      35.712
      29  5608030200  10    400.00        41.50   9.1800E-03   6.8181E-03   9.4398E-01   1.6429E-04   2.2746E-02        55.235      36.081
      29  5608030200  10    800.00        41.50   2.6000E-03   1.8466E-03   5.0765E-01   4.4496E-05   1.2232E-02       109.673      37.313
      30  5608031300  10     50.00        98.40   2.2100E-01   1.8384E-01   4.4281E+00   1.8683E-03   4.5001E-02         9.609      12.707
      30  5608031300  10    100.00        98.40   6.7800E-02   5.6246E-02   2.4344E+00   5.7160E-04   2.4739E-02        17.267      13.113
      30  5608031300  10    200.00        98.40   1.7500E-02   1.4436E-02   1.1629E+00   1.4670E-04   1.1818E-02        32.137      13.604
      30  5608031300  10    400.00        98.40   3.0200E-03   2.7160E-03   4.1846E-01   2.7602E-05   4.2526E-03        61.466      13.864
      30  5608031300  10    800.00        98.40   6.9000E-04   4.4615E-04   1.0968E-01   4.5341E-06   1.1146E-03        98.071      12.573
      31  5608031500  10     50.00        96.00   1.7700E-01   1.8589E-01   3.8318E+00   1.9364E-03   3.9915E-02         8.224      41.436
      31  5608031500  10    100.00        96.00   5.9000E-02   5.3406E-02   2.2652E+00   5.5631E-04   2.3596E-02        16.921      42.104
      31  5608031500  10    200.00        96.00   1.7500E-02   1.4416E-02   1.2728E+00   1.5016E-04   1.3258E-02        35.222      42.224
      31  5608031500  10    400.00        96.00   4.4100E-03   3.2531E-03   6.0179E-01   3.3887E-05   6.2686E-03        73.800      41.954
      31  5608031500  10    800.00        96.00   1.6700E-03   1.0800E-03   4.2111E-01   1.1250E-05   4.3866E-03       155.550      39.826
      32  5608062000  10     50.00        41.40   7.2900E-01   7.6764E-01   6.8050E+00   1.8542E-02   1.6437E-01         3.537      -7.309
      32  5608062000  10    100.00        41.40   6.2400E-01   5.9487E-01   7.4682E+00   1.4369E-02   1.8039E-01         5.008      -7.897
      32  5608062000  10    200.00        41.40   2.8500E-01   2.6654E-01   5.1245E+00   6.4381E-03   1.2378E-01         7.670      -7.947
      32  5608062000  10    400.00        41.40   1.2100E-01   1.1498E-01   3.2040E+00   2.7774E-03   7.7391E-02        11.116      -8.034
      32  5608062000  10    800.00        41.40   5.8600E-02   5.4554E-02   2.2924E+00   1.3177E-03   5.5372E-02        16.764      -7.387
      33  5608071300  10     50.00        94.70   2.0700E-01   1.6943E-01   3.2803E+00   1.7892E-03   3.4639E-02         7.724       2.468
      33  5608071300  10    100.00        94.70   6.3600E-02   5.3999E-02   1.9869E+00   5.7021E-04   2.0981E-02        14.679       2.303
      33  5608071300  10    200.00        94.70   1.9100E-02   1.3639E-02   9.4846E-01   1.4402E-04   1.0015E-02        27.743       2.634
      33  5608071300  10    400.00        94.70   3.9500E-03   3.0685E-03   3.7402E-01   3.2402E-05   3.9496E-03        48.628       2.792
      33  5608071300  10    800.00        94.70   7.4000E-04   6.7828E-04   1.2559E-01   7.1624E-06   1.3262E-03        73.871       2.914
      34  5608071500  10     50.00        97.40   2.0100E-01   2.0112E-01   3.1508E+00   2.0648E-03   3.2349E-02         6.250     -32.730
      34  5608071500  10    100.00        97.40   6.8700E-02   6.9857E-02   1.8299E+00   7.1722E-04   1.8788E-02        10.450     -32.926
      34  5608071500  10    200.00        97.40   2.0000E-02   2.2059E-02   1.0007E+00   2.2648E-04   1.0274E-02        18.098     -33.075
      34  5608071500  10    400.00        97.40   5.1000E-03   5.6197E-03   4.3696E-01   5.7697E-05   4.4862E-03        31.020     -32.355
      34  5608071500  10    800.00        97.40   1.3000E-03   1.4184E-03   1.8354E-01   1.4563E-05   1.8844E-03        51.622     -32.286
      70  5608072303  10     50.00        41.80   3.8700E-01   3.9388E-01   3.8312E+00   9.4229E-03   9.1655E-02         3.880     -41.287
      70  5608072303  10    100.00        41.80   1.3600E-01   1.4906E-01   2.4458E+00   3.5659E-03   5.8513E-02         6.546     -41.526
      70  5608072303  10    200.00        41.80   4.5000E-02   4.7621E-02   1.3622E+00   1.1393E-03   3.2588E-02        11.411     -41.695
      70  5608072303  10    400.00        41.80   1.4700E-02   1.5691E-02   7.7737E-01   3.7539E-04   1.8597E-02        19.764     -41.343
      70  5608072303  10    800.00        41.80   5.2900E-03   5.4583E-03   4.0558E-01   1.3058E-04   9.7029E-03        29.644     -41.285
      35  5608112130  10     50.00        38.80   6.6000E-01   6.8557E-01   7.0198E+00   1.7669E-02   1.8092E-01         4.085     -51.584
      35  5608112130  10    100.00        38.80   5.7500E-01   5.6799E-01   8.0375E+00   1.4639E-02   2.0715E-01         5.645     -52.797
      35  5608112130  10    200.00        38.80   2.5300E-01   2.2584E-01   5.8027E+00   5.8206E-03   1.4955E-01        10.250     -54.218
      35  5608112130  10    400.00        38.80   7.6200E-02   6.6450E-02   3.6397E+00   1.7126E-03   9.3808E-02        21.852     -55.537
      35  5608112130  10    800.00        38.80   1.3800E-02   9.8121E-03   1.0984E+00   2.5289E-04   2.8309E-02        44.659     -60.509
      36  5608112330  10     50.00        40.00   8.3000E-01   8.9004E-01   8.0471E+00   2.2251E-02   2.0118E-01         3.607     -19.183
      36  5608112330  10    100.00        40.00   5.4000E-01   5.2432E-01   7.0646E+00   1.3108E-02   1.7662E-01         5.375     -19.201
      36  5608112330  10    200.00        40.00   2.0300E-01   1.7344E-01   4.1950E+00   4.3361E-03   1.0488E-01         9.649     -18.260
      36  5608112330  10    400.00        40.00   6.4600E-02   5.6968E-02   2.4353E+00   1.4242E-03   6.0881E-02        17.054     -16.297
      36  5608112330  10    800.00        40.00   3.8600E-02   3.5026E-02   1.6391E+00   8.7566E-04   4.0978E-02        18.669     -14.593
      37  5608120300  10     50.00        40.30   2.2400E-01   2.2292E-01   2.4757E+00   5.5316E-03   6.1431E-02         4.430       4.382
      37  5608120300  10    100.00        40.30   7.8000E-02   7.9984E-02   1.5716E+00   1.9847E-03   3.8997E-02         7.839       4.040
      37  5608120300  10    200.00        40.30   2.2900E-02   2.3883E-02   8.5996E-01   5.9264E-04   2.1339E-02        14.365       3.972
      37  5608120300  10    400.00        40.30   7.3900E-03   6.9402E-03   4.6318E-01   1.7221E-04   1.1493E-02        26.625       3.751
      37  5608120300  10    800.00        40.30   2.0800E-03   2.2297E-03   2.7238E-01   5.5329E-05   6.7587E-03        48.733       3.749
      38  5608120500  10     50.00        45.40   3.8000E-01   3.8951E-01   3.5979E+00   8.5795E-03   7.9248E-02         3.685     -11.593
      38  5608120500  10    100.00        45.40   1.5300E-01   1.5464E-01   2.1545E+00   3.4061E-03   4.7457E-02         5.558     -11.592
      38  5608120500  10    200.00        45.40   5.1400E-02   5.2944E-02   1.1728E+00   1.1662E-03   2.5832E-02         8.837     -11.555
      38  5608120500  10    400.00        45.40   1.8700E-02   1.8617E-02   6.3694E-01   4.1007E-04   1.4030E-02        13.649     -11.501
      38  5608120500  10    800.00        45.40   6.4400E-03   6.6564E-03   3.5856E-01   1.4662E-04   7.8978E-03        21.490     -11.412
      39  5608132230  10     50.00        40.70   4.7000E-01   4.5800E-01   4.8411E+00   1.1253E-02   1.1895E-01         4.217     -41.055
      39  5608132230  10    100.00        40.70   1.6100E-01   1.6583E-01   2.9055E+00   4.0746E-03   7.1389E-02         6.990     -41.037
      39  5608132230  10    200.00        40.70   5.4200E-02   5.7299E-02   1.6711E+00   1.4078E-03   4.1059E-02        11.635     -40.808
      39  5608132230  10    400.00        40.70   2.0100E-02   2.0130E-02   8.5982E-01   4.9461E-04   2.1126E-02        17.040     -40.618
      39  5608132230  10    800.00        40.70   3.7000E-03   2.2176E-03   1.2814E-01   5.4487E-05   3.1485E-03        23.052     -39.219
      40  5608140030  10     50.00        40.50   3.1800E-01   3.0344E-01   4.8703E+00   7.4924E-03   1.2025E-01         6.403       0.089
      40  5608140030  10    100.00        40.50   1.0500E-01   9.8422E-02   3.0336E+00   2.4302E-03   7.4903E-02        12.296       0.427
      40  5608140030  10    200.00        40.50   3.2700E-02   2.9584E-02   1.8097E+00   7.3048E-04   4.4683E-02        24.403       0.908
      40  5608140030  10    400.00        40.50   1.4600E-02   8.7109E-03   5.9400E-01   2.1508E-04   1.4667E-02        27.204       7.183
      40  5608140030  10    800.00        40.50   6.4800E-03   2.6148E-03   6.5094E-01   6.4562E-05   1.6073E-02        99.315       4.842
      41  5608140300  10     50.00        39.90   4.5000E-01   4.4751E-01   3.2617E+00   1.1216E-02   8.1748E-02         2.908      16.224
      41  5608140300  10    100.00        39.90   1.8900E-01   1.8828E-01   2.2245E+00   4.7188E-03   5.5751E-02         4.713      16.008
      41  5608140300  10    200.00        39.90   6.7800E-02   6.7943E-02   1.2994E+00   1.7028E-03   3.2566E-02         7.630      15.675
      41  5608140300  10    400.00        39.90   2.5000E-02   2.5126E-02   7.7458E-01   6.2974E-04   1.9413E-02        12.298      15.439
      41  5608140300  10    800.00        39.90   9.9200E-03   1.0086E-02   4.6052E-01   2.5279E-04   1.1542E-02        18.215      15.668
      42  5608140500  10     50.00        56.40   2.7600E-01   2.6033E-01   3.0205E+00   4.6159E-03   5.3554E-02         4.629      29.151
      42  5608140500  10    100.00        56.40   1.0000E-01   9.2945E-02   1.7777E+00   1.6480E-03   3.1519E-02         7.630      29.046
      42  5608140500  10    200.00        56.40   3.1500E-02   2.8794E-02   9.9279E-01   5.1054E-04   1.7603E-02        13.755      28.950
      42  5608140500  10    400.00        56.40   7.7700E-03   7.9017E-03   5.1442E-01   1.4010E-04   9.1209E-03        25.972      29.155
      42  5608140500  10    800.00        56.40   2.1300E-03   2.5583E-03   2.8756E-01   4.5361E-05   5.0986E-03        44.842      29.553
      43  5608151200  10     50.00        98.90   2.4900E-01   2.0954E-01   5.4975E+00   2.1187E-03   5.5586E-02        10.466     -11.366
      43  5608151200  10    100.00        98.90   5.8200E-02   5.2162E-02   2.7089E+00   5.2742E-04   2.7390E-02        20.718     -11.856
      43  5608151200  10    200.00        98.90   1.6900E-02   1.2580E-02   1.2478E+00   1.2720E-04   1.2617E-02        39.571     -12.491
      43  5608151200  10    400.00        98.90   2.6300E-03   1.9235E-03   4.2968E-01   1.9449E-05   4.3446E-03        89.119     -14.350
      43  5608151200  10    800.00        98.90   5.4000E-04   2.6408E-04   1.3359E-01   2.6701E-06   1.3507E-03       201.811     -13.965
      44  5608151400  10     50.00       100.70   1.9100E-01   1.7218E-01   4.9317E+00   1.7098E-03   4.8974E-02        11.427     -23.855
      44  5608151400  10    100.00       100.70   5.3900E-02   4.6060E-02   2.5204E+00   4.5740E-04   2.5028E-02        21.830     -24.628
      44  5608151400  10    200.00       100.70   1.5100E-02   1.1655E-02   1.2486E+00   1.1574E-04   1.2399E-02        42.739     -24.685
      44  5608151400  10    400.00       100.70   3.1200E-03   2.7308E-03   5.0028E-01   2.7118E-05   4.9680E-03        73.085     -21.747
      44  5608151400  10    800.00       100.70   6.0500E-04   4.8655E-04   1.5523E-01   4.8317E-06   1.5415E-03       127.279     -19.669
      45  5608151700  10     50.00       100.80   3.6200E-01   3.4206E-01   5.6958E+00   3.3934E-03   5.6506E-02         6.643     -18.117
      45  5608151700  10    100.00       100.80   1.1400E-01   1.2183E-01   3.3895E+00   1.2086E-03   3.3626E-02        11.099     -18.297
      45  5608151700  10    200.00       100.80   4.1400E-02   3.8412E-02   1.8788E+00   3.8107E-04   1.8639E-02        19.513     -18.720
      45  5608151700  10    400.00       100.80   8.9300E-03   9.6281E-03   8.3490E-01   9.5516E-05   8.2827E-03        34.594     -19.745
      45  5608151700  10    800.00       100.80   2.9400E-03   2.8117E-03   4.0177E-01   2.7894E-05   3.9859E-03        57.006     -19.893
      46  5608151845  10     50.00        99.70   5.6400E-01   5.3012E-01   6.8139E+00   5.3171E-03   6.8344E-02         5.128     -45.373
      46  5608151845  10    100.00        99.70   1.9800E-01   1.7481E-01   4.2430E+00   1.7534E-03   4.2558E-02         9.683     -45.759
      46  5608151845  10    200.00        99.70   6.0800E-02   5.2491E-02   2.4277E+00   5.2649E-04   2.4350E-02        18.451     -46.316
      46  5608151845  10    400.00        99.70   2.0900E-02   1.5291E-02   1.3333E+00   1.5337E-04   1.3373E-02        34.784     -46.610
      46  5608151845  10    800.00        99.70   6.3300E-03   4.0485E-03   6.7886E-01   4.0607E-05   6.8091E-03        66.895     -47.285
      47  5608201000  10     50.00       103.10   2.9300E-01   2.8018E-01   6.3784E+00   2.7176E-03   6.1866E-02         9.082      65.651
      47  5608201000  10    100.00       103.10   5.3300E-02   5.3819E-02   2.5335E+00   5.2201E-04   2.4574E-02        18.780      67.029
      47  5608201000  10    200.00       103.10   9.4900E-03   8.8592E-03   8.6045E-01   8.5928E-05   8.3458E-03        38.747      68.839
      47  5608201000  10    400.00       103.10   2.0000E-03   1.4779E-03   2.9346E-01   1.4335E-05   2.8464E-03        79.214      67.059
      47  5608201000  10    800.00       103.10   2.4000E-04   2.0086E-04   5.8294E-02   1.9482E-06   5.6541E-04       115.784      62.627
      71  5608201233  10     50.00       104.00   1.4300E-01   9.5054E-02   5.3408E+00   9.1398E-04   5.1354E-02        22.416      25.241
      71  5608201233  10    100.00       104.00   4.5200E-02   1.8725E-02   1.9286E+00   1.8005E-04   1.8544E-02        41.090      33.512
      71  5608201233  10    200.00       104.00   1.1600E-02   4.0060E-03   6.0783E-01   3.8519E-05   5.8445E-03        60.532      41.950
      71  5608201233  10    400.00       104.00   2.1200E-03   9.7631E-04   1.6727E-01   9.3876E-06   1.6084E-03        68.351      46.647
      71  5608201233  10    800.00       104.00   1.8500E-04   1.6427E-04   2.0455E-02   1.5795E-06   1.9668E-04        49.678      49.249
      48  5608210900  10     50.00       104.10   2.2400E-01   1.8311E-01   3.2002E+00   1.7590E-03   3.0741E-02         6.972      33.023
      48  5608210900  10    100.00       104.10   6.5600E-02   6.2849E-02   1.8171E+00   6.0373E-04   1.7455E-02        11.534      33.259
      48  5608210900  10    200.00       104.10   1.7100E-02   1.8319E-02   9.0631E-01   1.7597E-04   8.7062E-03        19.737      33.681
      48  5608210900  10    400.00       104.10   4.6800E-03   4.6946E-03   4.0443E-01   4.5097E-05   3.8850E-03        34.368      33.895
      48  5608210900  10    800.00       104.10   1.3100E-03   1.0710E-03   1.6277E-01   1.0288E-05   1.5636E-03        60.631      32.541
      49  5608211100  10     50.00       102.00   2.0900E-01   1.9980E-01   4.4825E+00   1.9588E-03   4.3947E-02         8.950      17.274
      49  5608211100  10    100.00       102.00   6.6800E-02   5.7804E-02   2.4841E+00   5.6671E-04   2.4354E-02        17.144      17.234
      49  5608211100  10    200.00       102.00   1.8700E-02   1.4168E-02   1.2321E+00   1.3890E-04   1.2079E-02        34.693      17.498
      49  5608211100  10    400.00       102.00   3.3200E-03   2.6721E-03   4.7874E-01   2.6197E-05   4.6936E-03        71.476      16.985
      49  5608211100  10    800.00       102.00   6.2500E-04   5.5203E-04   1.6476E-01   5.4121E-06   1.6153E-03       119.068      18.235
      50  5608211400  10     50.00       102.80   2.4300E-01   2.2392E-01   4.5844E+00   2.1782E-03   4.4596E-02         8.168      34.653
      50  5608211400  10    100.00       102.80   7.7000E-02   6.6368E-02   2.4334E+00   6.4560E-04   2.3671E-02        14.627      35.212
      50  5608211400  10    200.00       102.80   1.8300E-02   1.3821E-02   9.9309E-01   1.3445E-04   9.6604E-03        28.665      35.928
      50  5608211400  10    400.00       102.80   3.8300E-03   3.0820E-03   4.2314E-01   2.9980E-05   4.1161E-03        54.773      36.523
      50  5608211400  10    800.00       102.80   6.0000E-04   4.1472E-04   1.2168E-01   4.0343E-06   1.1837E-03       117.054      37.294
      51  5608211530  10     50.00       102.40   2.6700E-01   2.0340E-01   4.9183E+00   1.9863E-03   4.8030E-02         9.647      62.702
      51  5608211530  10    100.00       102.40   7.1000E-02   5.7071E-02   2.5828E+00   5.5733E-04   2.5222E-02        18.054      63.749
      51  5608211530  10    200.00       102.40   1.8600E-02   1.3666E-02   1.0899E+00   1.3345E-04   1.0644E-02        31.818      64.458
      51  5608211530  10    400.00       102.40   3.1200E-03   2.7685E-03   4.1165E-01   2.7036E-05   4.0200E-03        59.319      63.524
      51  5608211530  10    800.00       102.40   5.0000E-04   3.8216E-04   9.5574E-02   3.7320E-06   9.3334E-04        99.772      60.020
      52  5608241117  10     50.00       104.00   1.7600E-01   1.3867E-01   5.7513E+00   1.3334E-03   5.5301E-02        16.545     -47.088
      52  5608241117  10    100.00       104.00   3.0300E-02   2.6141E-02   2.0848E+00   2.5135E-04   2.0046E-02        31.817     -51.917
      52  5608241117  10    200.00       104.00   5.9800E-03   4.2941E-03   5.7304E-01   4.1289E-05   5.5100E-03        53.239     -53.049
      52  5608241117  10    400.00       104.00   1.0500E-03   7.0574E-04   1.2765E-01   6.7860E-06   1.2274E-03        72.160     -51.688
      52  5608241117  10    800.00       104.00   1.0000E-04   4.7044E-05   2.1642E-02   4.5234E-07   2.0810E-04       183.531     -50.885
      53  5608242000  10     50.00        45.20   9.2300E-01   9.3937E-01   7.0343E+00   2.0782E-02   1.5563E-01         2.987     -50.505
      53  5608242000  10    100.00        45.20   5.3400E-01   5.6621E-01   6.1287E+00   1.2527E-02   1.3559E-01         4.318     -51.314
      53  5608242000  10    200.00        45.20   2.3300E-01   2.4083E-01   3.9143E+00   5.3281E-03   8.6599E-02         6.484     -51.779
      53  5608242000  10    400.00        45.20   8.6200E-02   9.1085E-02   2.3860E+00   2.0152E-03   5.2787E-02        10.450     -51.727
      53  5608242000  10    800.00        45.20   3.4200E-02   3.5943E-02   1.4595E+00   7.9520E-04   3.2289E-02        16.199     -51.754
      54  5608242200  10     50.00        43.40   4.2200E-01   4.1538E-01   3.5767E+00   9.5709E-03   8.2412E-02         3.435     -42.553
      54  5608242200  10    100.00        43.40   1.7100E-01   1.6961E-01   2.2714E+00   3.9080E-03   5.2337E-02         5.343     -42.958
      54  5608242200  10    200.00        43.40   6.2000E-02   6.2838E-02   1.3401E+00   1.4479E-03   3.0879E-02         8.508     -43.194
      54  5608242200  10    400.00        43.40   2.2300E-02   2.2418E-02   7.7342E-01   5.1655E-04   1.7821E-02        13.763     -43.133
      54  5608242200  10    800.00        43.40   9.5100E-03   8.5691E-03   4.5567E-01   1.9745E-04   1.0499E-02        21.214     -43.074
      55  5608250100  10     50.00        45.30   2.1900E-01   2.3471E-01   2.5308E+00   5.1812E-03   5.5869E-02         4.302     -25.021
      55  5608250100  10    100.00        45.30   8.4200E-02   8.9830E-02   1.4917E+00   1.9830E-03   3.2929E-02         6.625     -25.181
      55  5608250100  10    200.00        45.30   2.7200E-02   3.0463E-02   8.2943E-01   6.7248E-04   1.8310E-02        10.862     -25.479
      55  5608250100  10    400.00        45.30   7.8300E-03   8.5020E-03   3.8153E-01   1.8768E-04   8.4223E-03        17.903     -25.547
      55  5608250100  10    800.00        45.30   2.8300E-03   2.7920E-03   2.0836E-01   6.1633E-05   4.5995E-03        29.772     -25.797
      56  5608250300  10     50.00        45.90   3.0800E-01   3.1480E-01   3.2784E+00   6.8584E-03   7.1425E-02         4.155     -27.916
      56  5608250300  10    100.00        45.90   1.1000E-01   1.1716E-01   1.9818E+00   2.5524E-03   4.3176E-02         6.748     -28.171
      56  5608250300  10    200.00        45.90   3.6300E-02   3.8482E-02   1.0847E+00   8.3840E-04   2.3632E-02        11.245     -28.419
      56  5608250300  10    400.00        45.90   1.2600E-02   1.3341E-02   5.8507E-01   2.9065E-04   1.2747E-02        17.496     -28.425
      56  5608250300  10    800.00        45.90   4.7400E-03   5.1654E-03   3.3437E-01   1.1254E-04   7.2847E-03        25.825     -28.383
      57  5608251730  10     50.00       101.50   2.8200E-01   2.6978E-01   4.6331E+00   2.6579E-03   4.5647E-02         6.851      17.666
      57  5608251730  10    100.00       101.50   7.9400E-02   7.6134E-02   2.3062E+00   7.5009E-04   2.2721E-02        12.084      17.934
      57  5608251730  10    200.00       101.50   3.0000E-02   2.5999E-02   1.5180E+00   2.5614E-04   1.4956E-02        23.294      17.752
      57  5608251730  10    400.00       101.50   8.8200E-03   6.4126E-03   7.2180E-01   6.3178E-05   7.1113E-03        44.905      18.278
      57  5608251730  10    800.00       101.50   2.2700E-03   1.6193E-03   3.0327E-01   1.5953E-05   2.9879E-03        74.716      18.374
      58  5608251930  10     50.00        40.50   1.0000E+00   9.5300E-01   6.8298E+00   2.3531E-02   1.6864E-01         2.859       1.370
      58  5608251930  10    100.00        40.50   6.6000E-01   7.0365E-01   6.8066E+00   1.7374E-02   1.6806E-01         3.859       1.003
      58  5608251930  10    200.00        40.50   3.1100E-01   3.3086E-01   4.5778E+00   8.1693E-03   1.1303E-01         5.520       0.637
      58  5608251930  10    400.00        40.50   1.4000E-01   1.4370E-01   2.9509E+00   3.5482E-03   7.2862E-02         8.192      -0.171
      58  5608251930  10    800.00        40.50   5.9400E-02   6.4244E-02   2.0571E+00   1.5863E-03   5.0792E-02        12.774      -1.715
      59  5608252230  10     50.00        40.20   7.2300E-01   7.9577E-01   5.7941E+00   1.9795E-02   1.4413E-01         2.905      -5.226
      59  5608252230  10    100.00        40.20   5.2400E-01   5.3876E-01   5.3428E+00   1.3402E-02   1.3291E-01         3.956      -5.516
      59  5608252230  10    200.00        40.20   2.3900E-01   2.3694E-01   3.4335E+00   5.8941E-03   8.5410E-02         5.781      -5.688
      59  5608252230  10    400.00        40.20   1.0100E-01   1.0099E-01   2.0955E+00   2.5123E-03   5.2127E-02         8.278      -5.929
      59  5608252230  10    800.00        40.20   3.9400E-02   3.8928E-02   1.2479E+00   9.6836E-04   3.1042E-02        12.788      -5.969
      60  5608260030  10     50.00        38.50   3.0200E-01   3.0589E-01   2.4824E+00   7.9453E-03   6.4478E-02         3.237      16.661
      60  5608260030  10    100.00        38.50   1.1800E-01   1.1698E-01   1.5572E+00   3.0384E-03   4.0446E-02         5.311      16.589
      60  5608260030  10    200.00        38.50   4.3600E-02   4.5509E-02   9.3738E-01   1.1820E-03   2.4348E-02         8.217      16.496
      60  5608260030  10    400.00        38.50   1.5100E-02   1.5153E-02   4.8827E-01   3.9359E-04   1.2682E-02        12.855      16.664
      60  5608260030  10    800.00        38.50   6.0700E-03   5.8090E-03   2.8990E-01   1.5088E-04   7.5298E-03        19.909      17.152
      61  5608271100  10     50.00       102.10   2.0100E-01   1.5157E-01   3.9573E+00   1.4846E-03   3.8759E-02        10.416      20.011
      61  5608271100  10    100.00       102.10   5.5700E-02   4.6901E-02   2.2391E+00   4.5936E-04   2.1931E-02        19.046      20.840
      61  5608271100  10    200.00       102.10   1.7300E-02   1.4737E-02   1.2935E+00   1.4434E-04   1.2669E-02        35.014      20.962
      61  5608271100  10    400.00       102.10   4.3300E-03   3.6485E-03   5.9718E-01   3.5734E-05   5.8490E-03        65.299      20.288
      61  5608271100  10    800.00       102.10   9.6500E-04   7.8987E-04   2.1063E-01   7.7362E-06   2.0629E-03       106.382      18.461
      62  5608271400  10     50.00       102.10   3.7800E-01   3.2685E-01   5.4636E+00   3.2013E-03   5.3512E-02         6.669      28.565
      62  5608271400  10    100.00       102.10   1.1500E-01   1.0841E-01   2.9966E+00   1.0618E-03   2.9349E-02        11.027      28.128
      62  5608271400  10    200.00       102.10   3.3800E-02   3.3506E-02   1.4809E+00   3.2817E-04   1.4505E-02        17.633      28.419
      62  5608271400  10    400.00       102.10   8.0800E-03   9.5429E-03   6.5973E-01   9.3466E-05   6.4616E-03        27.580      29.598
      62  5608271400  10    800.00       102.10   1.9300E-03   1.4683E-03   2.4536E-01   1.4381E-05   2.4031E-03        66.666      28.363
      65  5608291930  10     50.00        44.10   3.5400E-01   3.3852E-01   2.9146E+00   7.6763E-03   6.6090E-02         3.435      -7.728
      65  5608291930  10    100.00        44.10   1.5300E-01   1.4893E-01   1.9586E+00   3.3771E-03   4.4412E-02         5.246      -7.999
      65  5608291930  10    200.00        44.10   5.6200E-02   5.5628E-02   1.1562E+00   1.2614E-03   2.6218E-02         8.292      -8.020
      65  5608291930  10    400.00        44.10   2.1100E-02   2.1340E-02   6.8944E-01   4.8390E-04   1.5634E-02        12.889      -8.110
      65  5608291930  10    800.00        44.10   7.0200E-03   7.4316E-03   4.0286E-01   1.6852E-04   9.1351E-03        21.626      -8.077
      66  5608292130  10     50.00        43.10   3.9000E-01   3.5669E-01   4.8862E+00   8.2758E-03   1.1337E-01         5.465     -13.699
      66  5608292130  10    100.00        43.10   1.7600E-01   1.4271E-01   3.6592E+00   3.3111E-03   8.4899E-02        10.229     -14.541
      66  5608292130  10    200.00        43.10   6.6900E-02   4.9484E-02   2.3756E+00   1.1481E-03   5.5119E-02        19.152     -15.216
      66  5608292130  10    400.00        43.10   2.3200E-02   1.7329E-02   1.4906E+00   4.0207E-04   3.4586E-02        34.317     -15.704
      66  5608292130  10    800.00        43.10   7.7200E-03   6.5769E-03   8.5751E-01   1.5260E-04   1.9896E-02        52.016     -15.817
      67  5608300030  10     50.00        45.00   3.0600E-01   3.1104E-01   3.0064E+00   6.9120E-03   6.6809E-02         3.856       5.339
      67  5608300030  10    100.00        45.00   1.2600E-01   1.3084E-01   2.1106E+00   2.9075E-03   4.6902E-02         6.436       5.088
      67  5608300030  10    200.00        45.00   4.8300E-02   4.8595E-02   1.2967E+00   1.0799E-03   2.8815E-02        10.645       5.195
      67  5608300030  10    400.00        45.00   1.7300E-02   1.7682E-02   7.6037E-01   3.9292E-04   1.6897E-02        17.156       5.074
      67  5608300030  10    800.00        45.00   6.1000E-03   6.2510E-03   4.4160E-01   1.3891E-04   9.8134E-03        28.183       4.831
      68  5608300230  10     50.00        42.80   5.8100E-01   5.9468E-01   5.7887E+00   1.3894E-02   1.3525E-01         3.883      -7.347
      68  5608300230  10    100.00        42.80   3.0600E-01   3.0050E-01   4.5390E+00   7.0211E-03   1.0605E-01         6.026      -7.139
      68  5608300230  10    200.00        42.80   1.2000E-01   1.0725E-01   2.8272E+00   2.5057E-03   6.6056E-02        10.517      -6.727
      68  5608300230  10    400.00        42.80   4.1100E-02   4.0020E-02   1.7890E+00   9.3504E-04   4.1798E-02        17.833      -6.098
      68  5608300230  10    800.00        42.80   2.1800E-02   2.3729E-02   1.2734E+00   5.5441E-04   2.9752E-02        21.409      -5.581
